folds:
  n_splits: 5
  random_state: 42
  shuffle: true
model_version: cat_tuned
params:
  border_count: 117
  depth: 5
  l2_leaf_reg: 5.37881865030335
  learning_rate: 0.04751908019813433
